Symbol, LatestOI, PrevOI, OIChange, %OIChange, Volume
ACC,5189,5275,-86,-1.63,10398
ADANIENT,10989,11496,-507,-4.41,3992
ADANIPORTS,12654,12362,292,2.36,15850
ADANIPOWER,8677,9211,-534,-5.80,5428
AJANTPHARM,1341,1356,-15,-1.11,1949
ALBK,2158,2315,-157,-6.78,2501
AMARAJABAT,2129,2080,49,2.36,3068
AMBUJACEM,8050,8552,-502,-5.87,10901
APOLLOHOSP,2504,2439,65,2.67,2901
APOLLOTYRE,5118,5410,-292,-5.40,8351
ARVIND,12106,12527,-421,-3.36,7337
ASHOKLEY,26896,27207,-311,-1.14,25354
ASIANPAINT,12903,12375,528,4.27,16875
AUROPHARMA,31389,32107,-718,-2.24,31146
AXISBANK,45700,47186,-1486,-3.15,57152
BAJAJ-AUTO,12785,12662,123,0.97,19134
BAJAJFINSV,6620,6505,115,1.77,10050
BAJFINANCE,32671,32262,409,1.27,43610
BALKRISIND,5000,5189,-189,-3.64,5079
BANKBARODA,23436,23187,249,1.07,25516
BANKINDIA,7247,7194,53,0.74,14652
BANKNIFTY,969363,954738,14625,1.53,14319872
BATAINDIA,6169,6520,-351,-5.38,9765
BEL,11472,12207,-735,-6.02,12708
BEML,4531,5317,-786,-14.78,10843
BERGEPAINT,1198,1254,-56,-4.47,2787
BHARATFIN,11348,11489,-141,-1.23,8199
BHARATFORG,11319,11892,-573,-4.82,9476
BHARTIARTL,27322,29124,-1802,-6.19,32608
BHEL,12362,12724,-362,-2.85,11906
BIOCON,8459,9131,-672,-7.36,10023
BOSCHLTD,5033,5550,-517,-9.32,4836
BPCL,11140,11924,-784,-6.57,16727
BRITANNIA,15430,14846,584,3.93,10267
CADILAHC,6232,6439,-207,-3.21,5398
CANBK,8709,8739,-30,-0.34,15807
CANFINHOME,3683,4321,-638,-14.77,5836
CAPF,6657,7629,-972,-12.74,5041
CASTROLIND,2787,2852,-65,-2.28,2920
CEATLTD,3670,3803,-133,-3.50,9680
CENTURYTEX,9286,9493,-207,-2.18,8812
CESC,4854,4713,141,2.99,5880
CGPOWER,4419,4667,-248,-5.31,3689
CHENNPETRO,832,962,-130,-13.51,2221
CHOLAFIN,2891,2620,271,10.34,4547
CIPLA,11678,11947,-269,-2.25,11213
COALINDIA,19506,19460,46,0.24,9638
COLPAL,3268,3514,-246,-7.00,4495
CONCOR,3492,3494,-2,-0.06,1676
CUMMINSIND,3039,3339,-300,-8.98,2993
DABUR,10937,10532,405,3.85,14091
DALMIABHA,1250,1250,0,0.00,0
DCBBANK,1136,1172,-36,-3.07,2038
DHFL,19696,19755,-59,-0.30,19797
DISHTV,8919,9339,-420,-4.50,5088
DIVISLAB,11349,11143,206,1.85,7677
DLF,15335,15872,-537,-3.38,28596
DRREDDY,19963,20335,-372,-1.83,21531
EICHERMOT,13845,13866,-21,-0.15,11830
ENGINERSIN,3187,2933,254,8.66,3002
EQUITAS,3912,3991,-79,-1.98,5361
ESCORTS,6602,6900,-298,-4.32,10783
EXIDEIND,3778,4103,-325,-7.92,5323
FEDERALBNK,10698,10930,-232,-2.12,11805
GAIL,9581,9230,351,3.80,6701
GLENMARK,5272,5248,24,0.46,4472
GMRINFRA,5580,5144,436,8.48,4174
GODFRYPHLP,1004,1033,-29,-2.81,1748
GODREJCP,8500,8656,-156,-1.80,7666
GODREJIND,1665,1747,-82,-4.69,1589
GRASIM,16373,16281,92,0.57,13210
GSFC,3686,3938,-252,-6.40,4619
HAVELLS,6670,6912,-242,-3.50,7565
HCLTECH,19339,19356,-17,-0.09,17184
HDFC,60611,60462,149,0.25,42433
HDFCBANK,74492,71333,3159,4.43,88507
HEROMOTOCO,11671,11774,-103,-0.87,21926
HEXAWARE,2522,3042,-520,-17.09,2843
HINDALCO,13767,13530,237,1.75,22448
HINDPETRO,18526,18434,92,0.50,17527
HINDUNILVR,23396,23106,290,1.26,31771
HINDZINC,2370,2453,-83,-3.38,2082
IBULHSGFIN,47276,47714,-438,-0.92,73589
ICICIBANK,45578,45437,141,0.31,60555
ICICIPRULI,3383,3562,-179,-5.03,2900
IDBI,9649,9796,-147,-1.50,2226
IDEA,23156,24364,-1208,-4.96,13043
IDFC,11447,11206,241,2.15,6894
IDFCBANK,17262,17078,184,1.08,14634
IFCI,2187,2359,-172,-7.29,2018
IGL,3238,2884,354,12.27,2706
INDIACEM,5922,6804,-882,-12.96,8143
INDIANB,2415,2714,-299,-11.02,3510
INDIGO,6688,6898,-210,-3.04,11417
INDUSINDBK,27467,25935,1532,5.91,32173
INFIBEAM,4478,4687,-209,-4.46,7556
INFRATEL,6735,6412,323,5.04,5339
INFY,61106,62323,-1217,-1.95,52159
IOC,29182,29928,-746,-2.49,17973
IRB,3592,3933,-341,-8.67,5042
ITC,47029,45984,1045,2.27,34414
JETAIRWAYS,5104,6440,-1336,-20.75,15979
JINDALSTEL,15916,17089,-1173,-6.86,22460
JISLJALEQS,5464,5451,13,0.24,5073
JPASSOCIAT,3750,4027,-277,-6.88,3204
JSWSTEEL,42228,37973,4255,11.21,33257
JUBLFOOD,11416,9517,1899,19.95,77377
JUSTDIAL,2533,2713,-180,-6.63,3603
KAJARIACER,2515,2689,-174,-6.47,2576
KOTAKBANK,26052,26438,-386,-1.46,36271
KPIT,3004,3329,-325,-9.76,2831
KSCL,1023,1096,-73,-6.66,2457
KTKBANK,4229,4467,-238,-5.33,5294
LICHSGFIN,10368,10907,-539,-4.94,14887
LT,39161,38710,451,1.17,48259
L&TFH,7167,6974,193,2.77,10305
LUPIN,19551,19956,-405,-2.03,21993
MANAPPURAM,3044,2945,99,3.36,3202
MARICO,3894,4079,-185,-4.54,3551
MARUTI,55105,57535,-2430,-4.22,106042
MCDOWELL-N,10668,10517,151,1.44,14723
MCX,3975,4120,-145,-3.52,4348
MFSL,2464,2515,-51,-2.03,2114
MGL,1948,2054,-106,-5.16,1678
MINDTREE,5664,5979,-315,-5.27,10631
M&M,18696,18970,-274,-1.44,17728
M&MFIN,11405,11087,318,2.87,12811
MOTHERSUMI,11567,12366,-799,-6.46,9610
MRF,2821,3020,-199,-6.59,2604
MRPL,1452,1666,-214,-12.85,1331
MUTHOOTFIN,3664,3921,-257,-6.55,4927
NATIONALUM,5290,5438,-148,-2.72,4170
NBCC,7341,7721,-380,-4.92,7961
NCC,8420,8734,-314,-3.60,8760
NESTLEIND,6329,6196,133,2.15,5012
NHPC,1258,1276,-18,-1.41,677
NIFTY,2108933,2053059,55874,2.72,7182672
NIFTYIT,460,448,12,2.68,455
NIFTYMID50,5378,5378,0,0.00,0
NIITTECH,2912,3184,-272,-8.54,3377
NMDC,4984,4724,260,5.50,3869
NTPC,14912,14865,47,0.32,12244
OFSS,1172,1221,-49,-4.01,673
OIL,3192,3222,-30,-0.93,2573
ONGC,21817,22455,-638,-2.84,11615
ORIENTBANK,2721,2950,-229,-7.76,2533
PAGEIND,5823,6051,-228,-3.77,6189
PCJEWELLER,7539,10145,-2606,-25.69,12994
PEL,10597,10719,-122,-1.14,11066
PETRONET,5925,5758,167,2.90,3571
PFC,12062,12234,-172,-1.41,11385
PIDILITIND,7747,8285,-538,-6.49,5757
PNB,24686,26334,-1648,-6.26,27735
POWERGRID,12311,12497,-186,-1.49,6103
PTC,1129,1219,-90,-7.38,1729
PVR,4025,4514,-489,-10.83,3570
RAMCOCEM,911,908,3,0.33,1125
RAYMOND,5970,6269,-299,-4.77,5599
RBLBANK,7013,7460,-447,-5.99,7346
RCOM,6309,6685,-376,-5.62,5053
RECLTD,11779,11356,423,3.72,15712
RELCAPITAL,13268,13068,200,1.53,19842
RELIANCE,147508,142251,5257,3.70,209284
RELINFRA,12449,12736,-287,-2.25,17215
REPCOHOME,1892,2069,-177,-8.55,2296
RPOWER,4141,4328,-187,-4.32,3047
SAIL,11887,11574,313,2.70,10646
SBIN,43400,44528,-1128,-2.53,71840
SHREECEM,2143,2155,-12,-0.56,1671
SIEMENS,4515,5008,-493,-9.84,8949
SOUTHBANK,5795,5731,64,1.12,3452
SREINFRA,2161,2337,-176,-7.53,1517
SRF,2483,2432,51,2.10,5926
SRTRANSFIN,7828,8180,-352,-4.30,12262
STAR,4408,4804,-396,-8.24,4376
SUNPHARMA,81875,83087,-1212,-1.46,66485
SUNTV,10066,10113,-47,-0.46,15536
SUZLON,6788,6832,-44,-0.64,4834
SYNDIBANK,2336,2490,-154,-6.18,2149
TATACHEM,4320,4794,-474,-9.89,8269
TATACOMM,3040,3310,-270,-8.16,3550
TATAELXSI,4925,5107,-182,-3.56,5370
TATAGLOBAL,8547,8422,125,1.48,9283
TATAMOTORS,59296,60136,-840,-1.40,63398
TATAMTRDVR,9827,10299,-472,-4.58,6707
TATAPOWER,7684,7409,275,3.71,5033
TATASTEEL,44075,45303,-1228,-2.71,53166
TCS,81005,80787,218,0.27,76639
TECHM,13254,13426,-172,-1.28,14169
TITAN,24884,24424,460,1.88,30921
TORNTPHARM,989,959,30,3.13,1502
TORNTPOWER,1052,1003,49,4.89,1197
TV18BRDCST,5502,6241,-739,-11.84,5792
TVSMOTOR,8427,8409,18,0.21,7986
UBL,3504,4079,-575,-14.10,3994
UJJIVAN,4478,5014,-536,-10.69,7866
ULTRACEMCO,10934,10733,201,1.87,9574
UNIONBANK,7765,8119,-354,-4.36,8520
UPL,18846,18538,308,1.66,17226
VEDL,29460,31174,-1714,-5.50,26966
VGUARD,1310,1424,-114,-8.01,1960
VOLTAS,7747,8479,-732,-8.63,10619
WIPRO,14537,14811,-274,-1.85,10731
WOCKPHARMA,4402,4748,-346,-7.29,5632
YESBANK,138779,139234,-455,-0.33,129204
ZEEL,15752,16744,-992,-5.92,32595
