Symbol, LatestOI, PrevOI, OIChange, %OIChange, Volume
ACC,9180,9177,3,0.03,4242
ADANIENT,9792,9713,79,0.81,4148
ADANIPORTS,10069,9806,263,2.68,4489
ADANIPOWER,7594,7515,79,1.05,987
AJANTPHARM,1239,1078,161,14.94,3118
ALBK,1501,1490,11,0.74,436
AMARAJABAT,2605,2552,53,2.08,882
AMBUJACEM,8130,8234,-104,-1.26,3363
APOLLOHOSP,4149,4082,67,1.64,3274
APOLLOTYRE,5117,5044,73,1.45,2574
ARVIND,4895,4733,162,3.42,1916
ASHOKLEY,24540,24114,426,1.77,8726
ASIANPAINT,10760,10633,127,1.19,2989
AUROPHARMA,22463,22550,-87,-0.39,33115
AXISBANK,40351,36854,3497,9.49,39623
BAJAJ-AUTO,11965,11745,220,1.87,7942
BAJAJFINSV,6594,6660,-66,-0.99,2176
BAJFINANCE,30429,30557,-128,-0.42,16641
BALKRISIND,3822,3615,207,5.73,2933
BANKBARODA,25980,25370,610,2.40,13822
BANKINDIA,6222,6284,-62,-0.99,3344
BANKNIFTY,687633,489706,197927,40.42,6826912
BATAINDIA,5045,4965,80,1.61,4283
BEL,6066,6198,-132,-2.13,3611
BEML,2101,2322,-221,-9.52,3989
BERGEPAINT,1779,1823,-44,-2.41,515
BHARATFIN,9687,9593,94,0.98,6913
BHARATFORG,7950,7858,92,1.17,2058
BHARTIARTL,22953,23690,-737,-3.11,8505
BHEL,10016,9648,368,3.81,6506
BIOCON,14141,13362,779,5.83,5943
BOSCHLTD,5301,5336,-35,-0.66,328
BPCL,8471,8531,-60,-0.70,3822
BRITANNIA,10535,10484,51,0.49,1074
BSOFT,1271,1293,-22,-1.70,530
CADILAHC,12388,12391,-3,-0.02,3139
CANBK,7758,7871,-113,-1.44,7606
CANFINHOME,1863,1920,-57,-2.97,640
CASTROLIND,2639,2592,47,1.81,310
CEATLTD,2987,2944,43,1.46,2618
CENTURYTEX,6082,6153,-71,-1.15,2155
CESC,2432,2474,-42,-1.70,1059
CGPOWER,1521,1550,-29,-1.87,612
CHENNPETRO,530,572,-42,-7.34,281
CHOLAFIN,1311,286,1025,358.39,950
CIPLA,13673,13427,246,1.83,3527
COALINDIA,16248,15976,272,1.70,3256
COLPAL,3824,3976,-152,-3.82,1582
CONCOR,1542,1576,-34,-2.16,384
CUMMINSIND,2336,2364,-28,-1.18,859
DABUR,10774,10529,245,2.33,2660
DCBBANK,1187,1183,4,0.34,674
DHFL,20852,20449,403,1.97,20130
DISHTV,11681,12026,-345,-2.87,5299
DIVISLAB,9983,9091,892,9.81,5412
DLF,25109,23614,1495,6.33,25882
DRREDDY,19724,19565,159,0.81,9012
EICHERMOT,16437,15339,1098,7.16,7450
ENGINERSIN,1925,1953,-28,-1.43,328
EQUITAS,2670,2387,283,11.86,3637
ESCORTS,9110,7907,1203,15.21,10681
EXIDEIND,6028,6130,-102,-1.66,1432
FEDERALBNK,8625,8490,135,1.59,4377
GAIL,13656,13922,-266,-1.91,4130
GLENMARK,5599,5693,-94,-1.65,2209
GMRINFRA,5521,5520,1,0.02,780
GODFRYPHLP,760,773,-13,-1.68,160
GODREJCP,9387,9148,239,2.61,2134
GODREJIND,1152,1142,10,0.88,375
GRASIM,16997,16918,79,0.47,4569
GSFC,1987,2006,-19,-0.95,514
HAVELLS,7209,7465,-256,-3.43,2082
HCLTECH,14674,14403,271,1.88,3276
HDFC,53235,53374,-139,-0.26,11308
HDFCBANK,72006,71974,32,0.04,28583
HEROMOTOCO,17741,17735,6,0.03,5768
HEXAWARE,1437,1409,28,1.99,2532
HINDALCO,12618,12353,265,2.15,4495
HINDPETRO,9576,9487,89,0.94,4139
HINDUNILVR,38204,37658,546,1.45,7609
HINDZINC,2510,2406,104,4.32,679
IBULHSGFIN,61172,61659,-487,-0.79,123702
ICICIBANK,79217,79830,-613,-0.77,29957
ICICIPRULI,5258,5058,200,3.95,2019
IDBI,3539,3575,-36,-1.01,194
IDEA,25735,25501,234,0.92,3920
IDFC,4791,4814,-23,-0.48,436
IDFCFIRSTB,12417,12349,68,0.55,1583
IFCI,1346,1347,-1,-0.07,119
IGL,2022,2019,3,0.15,1401
INDIACEM,6218,6085,133,2.19,3211
INDIANB,2201,2352,-151,-6.42,1807
INDIGO,6298,6500,-202,-3.11,5186
INDUSINDBK,46973,41033,5940,14.48,88221
INFIBEAM,2757,2882,-125,-4.34,1109
INFRATEL,3810,3834,-24,-0.63,1656
INFY,52128,51365,763,1.49,12745
IOC,12712,12904,-192,-1.49,2640
IRB,3436,3558,-122,-3.43,2481
ITC,48959,48703,256,0.53,6510
JETAIRWAYS,4165,4157,8,0.19,4719
JINDALSTEL,12184,11756,428,3.64,8375
JISLJALEQS,4921,4897,24,0.49,1970
JSWSTEEL,35869,35323,546,1.55,7919
JUBLFOOD,6833,6838,-5,-0.07,6688
JUSTDIAL,4077,4001,76,1.90,3792
KAJARIACER,1898,1910,-12,-0.63,938
KOTAKBANK,25627,25368,259,1.02,17782
KSCL,490,490,0,0.00,667
KTKBANK,2450,2493,-43,-1.72,1075
LICHSGFIN,7381,7558,-177,-2.34,2650
LT,40179,39805,374,0.94,17520
L&TFH,10211,9999,212,2.12,3760
LUPIN,17005,16720,285,1.70,5811
MANAPPURAM,3741,3781,-40,-1.06,4505
MARICO,3283,3331,-48,-1.44,692
MARUTI,53392,52685,707,1.34,34518
MCDOWELL-N,9373,9270,103,1.11,2578
MCX,2554,2607,-53,-2.03,574
MFSL,1625,1663,-38,-2.29,345
MGL,1322,1305,17,1.30,265
MINDTREE,4983,4633,350,7.55,1059
M&M,24928,24823,105,0.42,4141
M&MFIN,7859,8009,-150,-1.87,3233
MOTHERSUMI,13869,14272,-403,-2.82,5482
MRF,3289,3325,-36,-1.08,361
MRPL,532,534,-2,-0.37,192
MUTHOOTFIN,2505,2471,34,1.38,1612
NATIONALUM,6108,6096,12,0.20,1337
NBCC,4402,4371,31,0.71,991
NCC,8347,8572,-225,-2.62,7542
NESTLEIND,6502,6624,-122,-1.84,1080
NHPC,618,624,-6,-0.96,42
NIFTY,1471956,1359327,112629,8.29,2964423
NIFTYIT,294,287,7,2.44,111
NIITTECH,2810,2622,188,7.17,1896
NMDC,5531,5481,50,0.91,3009
NTPC,11934,11493,441,3.84,2705
OFSS,1771,1748,23,1.32,142
OIL,2088,2073,15,0.72,338
ONGC,16168,16148,20,0.12,2966
ORIENTBANK,1929,1935,-6,-0.31,1547
PAGEIND,6628,6297,331,5.26,1308
PCJEWELLER,4967,4065,902,22.19,4834
PEL,10057,9986,71,0.71,3626
PETRONET,4374,4311,63,1.46,538
PFC,8696,8591,105,1.22,2798
PIDILITIND,5623,5782,-159,-2.75,2396
PNB,24387,24497,-110,-0.45,10443
POWERGRID,7600,7150,450,6.29,4215
PVR,1890,1887,3,0.16,632
RAMCOCEM,1405,1447,-42,-2.90,520
RAYMOND,3807,3778,29,0.77,1696
RBLBANK,6745,6468,277,4.28,6002
RECLTD,6504,6353,151,2.38,3967
RELCAPITAL,15226,16109,-883,-5.48,3927
RELIANCE,121854,120379,1475,1.23,57605
RELINFRA,20620,21796,-1176,-5.40,4836
REPCOHOME,510,522,-12,-2.30,174
RPOWER,6175,6193,-18,-0.29,1033
SAIL,12367,12022,345,2.87,7173
SBIN,40583,40410,173,0.43,31178
SHREECEM,2323,2326,-3,-0.13,567
SIEMENS,2658,2581,77,2.98,1161
SOUTHBANK,2518,2595,-77,-2.97,635
SRF,4447,4444,3,0.07,3598
SRTRANSFIN,8019,8292,-273,-3.29,4507
STAR,2351,2243,108,4.81,1377
SUNPHARMA,57569,56588,981,1.73,28958
SUNTV,8833,8741,92,1.05,3578
SUZLON,3244,3255,-11,-0.34,383
SYNDIBANK,1686,1691,-5,-0.30,619
TATACHEM,4846,4966,-120,-2.42,1533
TATACOMM,2033,1937,96,4.96,1601
TATAELXSI,5220,5609,-389,-6.94,3732
TATAGLOBAL,6358,6131,227,3.70,3874
TATAMOTORS,50916,50098,818,1.63,17922
TATAMTRDVR,7736,7638,98,1.28,942
TATAPOWER,7421,7371,50,0.68,1127
TATASTEEL,41488,41231,257,0.62,26098
TCS,68979,68326,653,0.96,30126
TECHM,12126,11867,259,2.18,3340
TITAN,15869,16058,-189,-1.18,9228
TORNTPHARM,1412,1257,155,12.33,1301
TORNTPOWER,1052,992,60,6.05,905
TV18BRDCST,3222,3251,-29,-0.89,785
TVSMOTOR,6737,6394,343,5.36,2353
UBL,2305,2455,-150,-6.11,2192
UJJIVAN,4189,4071,118,2.90,3701
ULTRACEMCO,13153,12941,212,1.64,4060
UNIONBANK,7121,7159,-38,-0.53,2457
UPL,18397,18465,-68,-0.37,5058
VEDL,25204,24978,226,0.90,7650
VGUARD,1022,1054,-32,-3.04,213
VOLTAS,5712,5937,-225,-3.79,2388
WIPRO,18212,17634,578,3.28,8085
WOCKPHARMA,3120,3009,111,3.69,3619
YESBANK,117000,113363,3637,3.21,160994
ZEEL,23524,20514,3010,14.67,37767
