Symbol, LatestOI, PrevOI, OIChange, %OIChange, Volume
ACC,7887,7666,221,2.88,9427
ADANIENT,10046,9866,180,1.82,4144
ADANIPORTS,11143,10281,862,8.38,6381
ADANIPOWER,8144,7988,156,1.95,1519
AJANTPHARM,1770,1700,70,4.12,1296
ALBK,2073,2029,44,2.17,2229
AMARAJABAT,1022,1017,5,0.49,927
AMBUJACEM,5772,5337,435,8.15,3755
APOLLOHOSP,2707,2956,-249,-8.42,2790
APOLLOTYRE,3694,3305,389,11.77,3056
ARVIND,4619,4527,92,2.03,7439
ASHOKLEY,24323,22962,1361,5.93,25504
ASIANPAINT,10290,9991,299,2.99,4872
AUROPHARMA,20611,20221,390,1.93,11235
AXISBANK,34943,32366,2577,7.96,39055
BAJAJ-AUTO,13081,13278,-197,-1.48,16406
BAJAJFINSV,5886,5843,43,0.74,3482
BAJFINANCE,26092,25250,842,3.33,16259
BALKRISIND,2486,2413,73,3.03,1685
BANKBARODA,18124,17714,410,2.31,16142
BANKINDIA,4851,4705,146,3.10,6037
BANKNIFTY,777789,557603,220186,39.49,8414061
BATAINDIA,5950,5557,393,7.07,5824
BEL,6772,6262,510,8.14,6734
BEML,2448,2075,373,17.98,5065
BERGEPAINT,1777,1851,-74,-4.00,575
BHARATFIN,10099,10198,-99,-0.97,2587
BHARATFORG,9250,9138,112,1.23,5825
BHARTIARTL,25197,25347,-150,-0.59,12587
BHEL,4845,4657,188,4.04,2697
BIOCON,6713,5875,838,14.26,4839
BOSCHLTD,4603,4482,121,2.70,498
BPCL,5004,4402,602,13.68,9410
BRITANNIA,15546,15450,96,0.62,1599
BSOFT,1834,1785,49,2.75,327
CADILAHC,7016,6511,505,7.76,3821
CANBK,7292,6870,422,6.14,9223
CANFINHOME,3192,2849,343,12.04,3906
CASTROLIND,1931,1796,135,7.52,1100
CEATLTD,2929,2889,40,1.38,2698
CENTURYTEX,7982,8143,-161,-1.98,2926
CESC,2961,2701,260,9.63,1803
CGPOWER,4954,4895,59,1.21,3298
CHENNPETRO,867,824,43,5.22,1208
CHOLAFIN,1512,1491,21,1.41,1550
CIPLA,9473,9405,68,0.72,3354
COALINDIA,11022,10695,327,3.06,9726
COLPAL,2622,2424,198,8.17,943
CONCOR,1171,1167,4,0.34,726
CUMMINSIND,2066,1932,134,6.94,1229
DABUR,8881,9039,-158,-1.75,2719
DCBBANK,1020,1014,6,0.59,1895
DHFL,15861,13512,2349,17.38,12911
DISHTV,8278,8209,69,0.84,4010
DIVISLAB,8482,8470,12,0.14,3976
DLF,11132,10141,991,9.77,11792
DRREDDY,19299,18839,460,2.44,6768
EICHERMOT,19341,17344,1997,11.51,40209
ENGINERSIN,2067,2057,10,0.49,1941
EQUITAS,3920,3207,713,22.23,5501
ESCORTS,3864,3542,322,9.09,9604
EXIDEIND,4657,4527,130,2.87,2239
FEDERALBNK,7907,7514,393,5.23,5391
GAIL,4230,4005,225,5.62,2906
GLENMARK,4005,3952,53,1.34,967
GMRINFRA,3899,3686,213,5.78,1226
GODFRYPHLP,647,643,4,0.62,604
GODREJCP,11534,11912,-378,-3.17,3614
GODREJIND,950,881,69,7.83,800
GRASIM,16569,16218,351,2.16,4465
GSFC,2544,2508,36,1.44,847
HAVELLS,5980,5727,253,4.42,4780
HCLTECH,12685,12569,116,0.92,2974
HDFC,61577,60398,1179,1.95,12705
HDFCBANK,46312,41339,4973,12.03,39868
HEROMOTOCO,14089,14416,-327,-2.27,20589
HEXAWARE,2063,2097,-34,-1.62,972
HINDALCO,12072,11793,279,2.37,7646
HINDPETRO,8191,7774,417,5.36,11324
HINDUNILVR,18998,18179,819,4.51,8631
HINDZINC,1468,1414,54,3.82,675
IBULHSGFIN,43101,36934,6167,16.70,57796
ICICIBANK,41966,39634,2332,5.88,33722
ICICIPRULI,4419,3971,448,11.28,2151
IDBI,3582,2970,612,20.61,3154
IDEA,17641,15997,1644,10.28,7378
IDFC,8508,8362,146,1.75,1648
IDFCBANK,56,56,0,0.00,0
IDFCFIRSTB,13150,12597,553,4.39,9720
IFCI,1659,1592,67,4.21,618
IGL,1621,1438,183,12.73,1595
INDIACEM,6001,5817,184,3.16,6407
INDIANB,1890,1878,12,0.64,1893
INDIGO,4822,4445,377,8.48,5037
INDUSINDBK,29241,27493,1748,6.36,18463
INFIBEAM,4537,3605,932,25.85,4620
INFRATEL,3752,3606,146,4.05,1678
INFY,43432,42005,1427,3.40,12738
IOC,12359,11737,622,5.30,7847
IRB,2991,2723,268,9.84,3514
ITC,33048,31499,1549,4.92,25324
JETAIRWAYS,3975,3289,686,20.86,6403
JINDALSTEL,14709,13614,1095,8.04,14164
JISLJALEQS,4792,4552,240,5.27,2007
JPASSOCIAT,1709,1473,236,16.02,1069
JSWSTEEL,43287,41547,1740,4.19,20344
JUBLFOOD,7062,6270,792,12.63,7334
JUSTDIAL,2464,2251,213,9.46,3870
KAJARIACER,1542,1582,-40,-2.53,582
KOTAKBANK,20776,21442,-666,-3.11,15292
KPIT,480,480,0,0.00,0
KSCL,1441,1131,310,27.41,2456
KTKBANK,3017,2844,173,6.08,1722
LICHSGFIN,9135,8859,276,3.12,6591
LT,28770,25428,3342,13.14,24578
L&TFH,6833,6451,382,5.92,10865
LUPIN,14470,14000,470,3.36,7433
MANAPPURAM,2054,1735,319,18.39,3077
MARICO,2957,2646,311,11.75,1229
MARUTI,47700,46896,804,1.71,53255
MCDOWELL-N,9662,9550,112,1.17,2898
MCX,3319,3396,-77,-2.27,2915
MFSL,1820,1653,167,10.10,944
MGL,1404,1426,-22,-1.54,1394
MINDTREE,6194,5596,598,10.69,6071
M&M,26716,25288,1428,5.65,17473
M&MFIN,9130,9353,-223,-2.38,5500
MOTHERSUMI,11764,11278,486,4.31,6387
MRF,3786,3467,319,9.20,1240
MRPL,885,840,45,5.36,510
MUTHOOTFIN,1829,1461,368,25.19,5648
NATIONALUM,5612,6025,-413,-6.85,4832
NBCC,4183,3923,260,6.63,2582
NCC,7340,6502,838,12.89,11717
NESTLEIND,6044,5732,312,5.44,1052
NHPC,1072,1007,65,6.45,425
NIFTY,1470154,1336445,133709,10.00,3540708
NIFTYIT,314,310,4,1.29,281
NIITTECH,2324,2243,81,3.61,2088
NMDC,3552,3724,-172,-4.62,2410
NTPC,9728,10280,-552,-5.37,4245
OFSS,1092,973,119,12.23,471
OIL,2152,1617,535,33.09,1204
ONGC,8803,8709,94,1.08,6247
ORIENTBANK,2475,2425,50,2.06,3015
PAGEIND,5646,5740,-94,-1.64,2691
PCJEWELLER,2492,1823,669,36.70,6026
PEL,12104,11732,372,3.17,5343
PETRONET,4232,4037,195,4.83,1229
PFC,5315,4840,475,9.81,4069
PIDILITIND,4293,4207,86,2.04,1445
PNB,19511,17675,1836,10.39,24505
POWERGRID,5790,5255,535,10.18,3180
PVR,3476,3406,70,2.06,1062
RAMCOCEM,1127,1055,72,6.82,1334
RAYMOND,4840,4804,36,0.75,1833
RBLBANK,4520,4078,442,10.84,4359
RCOM,1596,1596,0,0.00,0
RECLTD,7863,6733,1130,16.78,9042
RELCAPITAL,8268,7199,1069,14.85,11339
RELIANCE,123118,120234,2884,2.40,62728
RELINFRA,15868,14977,891,5.95,19388
REPCOHOME,1408,844,564,66.82,6677
RPOWER,9390,7975,1415,17.74,7669
SAIL,9688,9092,596,6.56,11195
SBIN,32959,30515,2444,8.01,31302
SHREECEM,1714,1740,-26,-1.49,644
SIEMENS,3194,3209,-15,-0.47,1069
SOUTHBANK,4638,4384,254,5.79,1888
SRF,1755,1909,-154,-8.07,2013
SRTRANSFIN,7184,6892,292,4.24,5361
STAR,4136,4006,130,3.25,2520
SUNPHARMA,52101,51147,954,1.87,20184
SUNTV,7727,7527,200,2.66,6839
SUZLON,4173,3733,440,11.79,4739
SYNDIBANK,1770,1717,53,3.09,952
TATACHEM,6194,5046,1148,22.75,9389
TATACOMM,3243,2778,465,16.74,1757
TATAELXSI,4137,3897,240,6.16,3427
TATAGLOBAL,4605,4417,188,4.26,1914
TATAMOTORS,42788,36603,6185,16.90,99094
TATAMTRDVR,8838,8324,514,6.17,5243
TATAPOWER,6017,5868,149,2.54,3189
TATASTEEL,37613,36001,1612,4.48,36354
TCS,73852,72201,1651,2.29,28183
TECHM,12473,12060,413,3.42,10361
TITAN,17950,17604,346,1.97,7659
TORNTPHARM,1053,897,156,17.39,521
TORNTPOWER,739,586,153,26.11,963
TV18BRDCST,4513,4455,58,1.30,1229
TVSMOTOR,6204,6179,25,0.40,6488
UBL,4085,3937,148,3.76,2020
UJJIVAN,2737,1954,783,40.07,6302
ULTRACEMCO,11304,10863,441,4.06,4815
UNIONBANK,5569,5319,250,4.70,4553
UPL,15135,14969,166,1.11,4736
VEDL,16710,16176,534,3.30,10113
VGUARD,1092,1052,40,3.80,631
VOLTAS,7188,6445,743,11.53,8571
WIPRO,12623,12203,420,3.44,7878
WOCKPHARMA,6145,5178,967,18.68,7069
YESBANK,89582,88425,1157,1.31,42858
ZEEL,20260,19896,364,1.83,10987
