Symbol, LatestOI, PrevOI, OIChange, %OIChange, Volume
ACC,6417,6383,34,0.53,3897
ADANIENT,11151,11170,-19,-0.17,2781
ADANIPORTS,7436,7304,132,1.81,2734
ADANIPOWER,7766,7711,55,0.71,1495
AJANTPHARM,1422,1483,-61,-4.11,752
ALBK,2061,2057,4,0.19,1222
AMARAJABAT,2647,2723,-76,-2.79,853
AMBUJACEM,10554,10559,-5,-0.05,2033
APOLLOHOSP,2227,2084,143,6.86,1779
APOLLOTYRE,4839,4828,11,0.23,5047
ARVIND,3782,3691,91,2.47,3537
ASHOKLEY,24625,25033,-408,-1.63,12561
ASIANPAINT,11583,11337,246,2.17,6840
AUROPHARMA,23349,23145,204,0.88,9544
AXISBANK,38269,38300,-31,-0.08,20693
BAJAJ-AUTO,13557,13585,-28,-0.21,6687
BAJAJFINSV,5703,5656,47,0.83,2863
BAJFINANCE,26978,25967,1011,3.89,21690
BALKRISIND,2239,2236,3,0.13,926
BANKBARODA,17935,18536,-601,-3.24,11956
BANKINDIA,5302,5489,-187,-3.41,3835
BANKNIFTY,751986,695616,56370,8.10,9260118
BATAINDIA,4944,5057,-113,-2.23,9401
BEL,6489,6888,-399,-5.79,2195
BEML,2405,2430,-25,-1.03,3533
BERGEPAINT,1197,1200,-3,-0.25,539
BHARATFIN,16562,15184,1378,9.08,5326
BHARATFORG,8793,8960,-167,-1.86,1961
BHARTIARTL,28235,27195,1040,3.82,30505
BHEL,9030,9657,-627,-6.49,7387
BIOCON,14182,14487,-305,-2.11,4947
BOSCHLTD,5519,5470,49,0.90,677
BPCL,9615,9528,87,0.91,5333
BRITANNIA,14117,14438,-321,-2.22,3102
BSOFT,1625,1650,-25,-1.52,459
CADILAHC,10174,10237,-63,-0.62,4760
CANBK,6480,6884,-404,-5.87,9975
CANFINHOME,2849,2711,138,5.09,1265
CASTROLIND,2177,2185,-8,-0.37,278
CEATLTD,3110,3421,-311,-9.09,3278
CENTURYTEX,7675,7713,-38,-0.49,2799
CESC,2739,2659,80,3.01,809
CGPOWER,3026,2985,41,1.37,1751
CHENNPETRO,840,857,-17,-1.98,427
CHOLAFIN,1292,1232,60,4.87,1177
CIPLA,14878,14238,640,4.50,6359
COALINDIA,14004,13987,17,0.12,2222
COLPAL,3772,3742,30,0.80,954
CONCOR,1320,1313,7,0.53,301
CUMMINSIND,1894,1919,-25,-1.30,434
DABUR,14900,15532,-632,-4.07,4035
DCBBANK,1415,1278,137,10.72,2328
DHFL,18995,19819,-824,-4.16,16995
DISHTV,9408,9345,63,0.67,3962
DIVISLAB,7764,7883,-119,-1.51,2762
DLF,21540,21521,19,0.09,6763
DRREDDY,18732,18611,121,0.65,5440
EICHERMOT,20537,20809,-272,-1.31,21555
ENGINERSIN,2182,2353,-171,-7.27,1260
EQUITAS,2737,2846,-109,-3.83,1068
ESCORTS,7700,7590,110,1.45,8594
EXIDEIND,5234,5204,30,0.58,1547
FEDERALBNK,9473,9434,39,0.41,6097
GAIL,4922,4644,278,5.99,3634
GLENMARK,4490,4581,-91,-1.99,1520
GMRINFRA,5223,5224,-1,-0.02,1193
GODFRYPHLP,975,963,12,1.25,341
GODREJCP,10375,10065,310,3.08,2635
GODREJIND,925,887,38,4.28,1459
GRASIM,14266,13629,637,4.67,4637
GSFC,2351,2421,-70,-2.89,361
HAVELLS,4995,4915,80,1.63,2894
HCLTECH,15794,15787,7,0.04,6364
HDFC,60981,60698,283,0.47,22329
HDFCBANK,55922,55514,408,0.73,31507
HEROMOTOCO,17989,18139,-150,-0.83,6447
HEXAWARE,1492,1545,-53,-3.43,1735
HINDALCO,13124,13002,122,0.94,8671
HINDPETRO,10197,10090,107,1.06,5681
HINDUNILVR,40276,40269,7,0.02,10793
HINDZINC,1535,1468,67,4.56,509
IBULHSGFIN,42391,42209,182,0.43,32452
ICICIBANK,91301,91860,-559,-0.61,47634
ICICIPRULI,4583,4974,-391,-7.86,5275
IDBI,3546,3553,-7,-0.20,1162
IDEA,35705,34795,910,2.62,26562
IDFC,6032,6259,-227,-3.63,1654
IDFCFIRSTB,13088,13124,-36,-0.27,8168
IFCI,2306,2292,14,0.61,308
IGL,1653,1704,-51,-2.99,1562
INDIACEM,5416,5552,-136,-2.45,3850
INDIANB,2922,2664,258,9.68,11787
INDIGO,6497,6606,-109,-1.65,6153
INDUSINDBK,43344,41510,1834,4.42,34229
INFIBEAM,3182,3193,-11,-0.34,716
INFRATEL,4840,4927,-87,-1.77,1801
INFY,51170,51511,-341,-0.66,20777
IOC,14188,13859,329,2.37,3822
IRB,3776,4015,-239,-5.95,3601
ITC,47185,48962,-1777,-3.63,30135
JETAIRWAYS,4321,3908,413,10.57,5980
JINDALSTEL,12165,12486,-321,-2.57,14187
JISLJALEQS,3867,3990,-123,-3.08,1372
JSWSTEEL,32233,32034,199,0.62,8945
JUBLFOOD,8986,8375,611,7.30,9676
JUSTDIAL,2571,2564,7,0.27,6217
KAJARIACER,2175,2280,-105,-4.61,1141
KOTAKBANK,29665,30959,-1294,-4.18,17740
KSCL,593,623,-30,-4.82,276
KTKBANK,4022,3722,300,8.06,6340
LICHSGFIN,8719,8628,91,1.05,4995
LT,30995,31244,-249,-0.80,21983
L&TFH,8700,9253,-553,-5.98,4586
LUPIN,16818,16738,80,0.48,8657
MANAPPURAM,1903,1748,155,8.87,2957
MARICO,3844,3966,-122,-3.08,1175
MARUTI,56310,55924,386,0.69,25741
MCDOWELL-N,10272,10371,-99,-0.95,2559
MCX,3163,3146,17,0.54,1133
MFSL,1607,1607,0,0.00,376
MGL,1556,1504,52,3.46,623
MINDTREE,6589,6525,64,0.98,2584
M&M,21698,21333,365,1.71,5397
M&MFIN,10854,10915,-61,-0.56,4556
MOTHERSUMI,14196,14098,98,0.70,4710
MRF,3588,3574,14,0.39,664
MRPL,937,811,126,15.54,752
MUTHOOTFIN,2347,2051,296,14.43,6836
NATIONALUM,6115,6152,-37,-0.60,1133
NBCC,4960,4962,-2,-0.04,1220
NCC,4956,5027,-71,-1.41,3668
NESTLEIND,6739,6742,-3,-0.04,1745
NHPC,917,937,-20,-2.13,162
NIFTY,1598876,1580974,17902,1.13,5285833
NIFTYIT,319,308,11,3.57,427
NIITTECH,4240,4196,44,1.05,1650
NMDC,3620,3482,138,3.96,839
NTPC,12562,12695,-133,-1.05,3165
OFSS,1684,1695,-11,-0.65,216
OIL,2228,2358,-130,-5.51,546
ONGC,19226,19360,-134,-0.69,4401
ORIENTBANK,2233,2433,-200,-8.22,3212
PAGEIND,6232,6238,-6,-0.10,1545
PCJEWELLER,4140,4014,126,3.14,5572
PEL,15633,15749,-116,-0.74,4292
PETRONET,3746,3641,105,2.88,936
PFC,5469,5672,-203,-3.58,2402
PIDILITIND,7280,6961,319,4.58,4069
PNB,18148,18538,-390,-2.10,10831
POWERGRID,5703,5319,384,7.22,1938
PVR,2620,2693,-73,-2.71,1925
RAMCOCEM,1420,1465,-45,-3.07,414
RAYMOND,4342,4378,-36,-0.82,2270
RBLBANK,5286,5148,138,2.68,6375
RECLTD,7227,7041,186,2.64,3042
RELCAPITAL,13630,13434,196,1.46,14336
RELIANCE,123605,122237,1368,1.12,104082
RELINFRA,12949,13180,-231,-1.75,8173
REPCOHOME,606,651,-45,-6.91,527
RPOWER,8597,8607,-10,-0.12,1813
SAIL,11243,10665,578,5.42,12026
SBIN,34637,35232,-595,-1.69,54072
SHREECEM,2221,2214,7,0.32,673
SIEMENS,2877,2877,0,0.00,8741
SOUTHBANK,3998,4064,-66,-1.62,1252
SRF,3942,3581,361,10.08,27439
SRTRANSFIN,6770,6926,-156,-2.25,4261
STAR,2882,2863,19,0.66,2573
SUNPHARMA,59519,57578,1941,3.37,37352
SUNTV,7947,7893,54,0.68,4778
SUZLON,4520,4442,78,1.76,822
SYNDIBANK,2472,2496,-24,-0.96,1550
TATACHEM,5402,5518,-116,-2.10,2488
TATACOMM,2589,2563,26,1.01,533
TATAELXSI,5860,5865,-5,-0.09,3856
TATAGLOBAL,7633,7958,-325,-4.08,5973
TATAMOTORS,49782,49017,765,1.56,30320
TATAMTRDVR,8638,8634,4,0.05,1896
TATAPOWER,8600,8769,-169,-1.93,2007
TATASTEEL,40251,37156,3095,8.33,49879
TCS,59434,59192,242,0.41,27511
TECHM,10097,10421,-324,-3.11,6625
TITAN,16721,16660,61,0.37,13856
TORNTPHARM,1793,1822,-29,-1.59,758
TORNTPOWER,852,865,-13,-1.50,491
TV18BRDCST,5219,5335,-116,-2.17,1195
TVSMOTOR,8838,8796,42,0.48,3137
UBL,2960,3037,-77,-2.54,1275
UJJIVAN,2825,2953,-128,-4.33,2162
ULTRACEMCO,13916,13754,162,1.18,7943
UNIONBANK,5569,5637,-68,-1.21,5157
UPL,24387,24165,222,0.92,6678
VEDL,24026,24634,-608,-2.47,21124
VGUARD,997,1036,-39,-3.76,295
VOLTAS,7713,8155,-442,-5.42,4773
WIPRO,15492,14542,950,6.53,10986
WOCKPHARMA,4529,4749,-220,-4.63,2231
YESBANK,112059,113587,-1528,-1.35,60179
ZEEL,24013,22999,1014,4.41,20533
